19 19
-1 -19 20 20

6 10 10 10 1 10 10 10 5 -1 6 10 10 10 1 10 10 10 5
9 -1 -1 -1 9 -1 -1 -1 9 -1 9 -1 -1 -1 9 -1 -1 -1 9
3 10 10 10 0 10 1 10 2 10 2 10 1 10 0 10 10 10 4
9 -1 -1 -1 9 -1 9 -1 -1 -1 -1 -1 9 -1 9 -1 -1 -1 9
8 10 10 10 4 -1 8 10 5 -1 6 10 7 -1 3 10 10 10 7
-1 -1 -1 -1 9 -1 -1 -1 9 -1 9 -1 -1 -1 9 -1 -1 -1 -1
-1 -1 -1 -1 9 -1 6 10 0 10 0 10 5 -1 9 -1 -1 -1 -1
-1 -1 -1 -1 9 -1 9 -1 9 -1 9 -1 9 -1 9 -1 -1 -1 -1
10 10 10 10 0 10 4 -1 8 10 7 -1 3 10 0 10 10 10 10
-1 -1 -1 -1 9 -1 9 -1 -1 -1 -1 -1 9 -1 9 -1 -1 -1 -1
-1 -1 -1 -1 9 -1 3 10 10 10 10 10 4 -1 9 -1 -1 -1 -1
-1 -1 -1 -1 9 -1 9 -1 -1 -1 -1 -1 9 -1 9 -1 -1 -1 -1
6 10 10 10 0 10 2 10 5 -1 6 10 2 10 0 10 10 10 5
9 -1 -1 -1 9 -1 -1 -1 9 -1 9 -1 -1 -1 9 -1 -1 -1 9
8 10 5 -1 3 10 1 10 2 10 2 10 1 10 4 -1 6 10 7
-1 -1 9 -1 9 -1 9 -1 -1 -1 -1 -1 9 -1 9 -1 9 -1 -1
6 10 2 10 7 -1 8 10 5 -1 6 10 7 -1 8 10 2 10 5
9 -1 -1 -1 -1 -1 -1 -1 9 -1 9 -1 -1 -1 -1 -1 -1 -1 9
8 10 10 10 10 10 10 10 2 10 2 10 10 10 10 10 10 10 7


9 -14
9 -8

2 1 1 1 1 1 1 1 2 0 2 1 1 1 1 1 1 1 2
1 0 0 0 1 0 0 0 1 0 1 0 0 0 1 0 0 0 1
1 1 1 1 1 1 1 1 1 1 1 1 1 1 1 1 1 1 1
1 0 0 0 1 0 1 0 0 0 0 0 1 0 1 0 0 0 1
2 1 1 1 1 0 1 1 2 0 2 1 1 0 1 1 1 1 2
0 0 0 0 1 0 0 0 0 0 0 0 0 0 1 0 0 0 0
0 0 0 0 1 0 0 0 0 0 0 0 0 0 1 0 0 0 0
0 0 0 0 1 0 0 0 0 0 0 0 0 0 1 0 0 0 0
0 0 0 0 2 0 0 0 0 0 0 0 0 0 2 0 0 0 0
0 0 0 0 1 0 0 0 0 0 0 0 0 0 1 0 0 0 0
0 0 0 0 1 0 0 0 0 0 0 0 0 0 1 0 0 0 0
0 0 0 0 1 0 0 0 0 0 0 0 0 0 1 0 0 0 0
2 1 1 1 1 1 1 1 2 0 2 1 1 1 1 1 1 1 2
1 0 0 0 1 0 0 0 1 0 1 0 0 0 1 0 0 0 1
1 1 1 0 1 1 1 1 1 0 1 1 1 1 1 0 1 1 1
0 0 1 0 1 0 1 0 0 0 0 0 1 0 1 0 1 0 0
2 1 1 1 1 0 1 1 1 0 1 1 1 0 1 1 1 1 2
1 0 0 0 0 0 0 0 1 0 1 0 0 0 0 0 0 0 1
2 1 1 1 1 1 1 1 1 2 1 1 1 1 1 1 1 1 2