13 19
-1 -13 20 14

6 10 1 10 10 5 -1 6 10 5 -1 6 10 10 10 10 10 10 5
9 -1 9 -1 -1 8 10 7 -1 8 10 4 -1 -1 -1 -1 -1 -1 9
9 -1 8 5 -1 -1 -1 -1 -1 -1 -1 9 -1 6 10 10 1 10 7
9 -1 -1 9 -1 -1 -1 -1 -1 -1 -1 9 -1 9 -1 -1 9 -1 -1
9 -1 6 7 -1 -1 -1 6 10 1 10 2 10 2 10 10 2 5 -1
9 -1 9 -1 -1 6 10 7 -1 9 -1 -1 -1 -1 -1 -1 -1 9 -1
9 -1 9 -1 -1 9 -1 -1 -1 9 -1 6 10 10 10 10 10 7 -1
8 10 2 5 -1 9 -1 6 10 4 -1 9 -1 -1 -1 -1 -1 -1 -1
-1 -1 -1 9 -1 8 10 4 -1 9 -1 8 5 -1 6 10 1 10 5
6 5 -1 9 -1 -1 -1 9 -1 9 -1 -1 9 -1 9 -1 9 -1 9
3 7 -1 3 10 10 10 4 -1 3 10 10 2 10 4 -1 9 -1 9
9 -1 -1 9 -1 -1 -1 9 -1 9 -1 -1 -1 -1 9 -1 9 -1 9
8 10 10 2 10 10 10 7 -1 8 10 10 10 10 2 10 2 10 7


10 -4
1 -9

2 1 1 1 1 1 0 1 1 1 0 1 1 1 1 1 1 1 2
1 0 1 0 0 1 1 1 0 1 1 1 0 0 0 0 0 0 1
1 0 1 1 0 0 0 0 0 0 0 1 0 1 1 1 1 1 1
1 0 0 1 0 0 0 0 0 0 0 1 0 1 0 0 1 0 0
1 0 1 1 0 0 0 1 1 1 1 1 1 1 1 1 1 1 0
1 0 1 0 0 1 1 1 0 1 0 0 0 0 0 0 0 1 0
1 0 1 0 0 1 0 0 0 1 0 1 1 1 1 1 1 1 0
2 1 1 1 0 1 0 1 1 1 0 1 0 0 0 0 0 0 0
0 0 0 1 0 1 1 1 0 1 0 1 1 0 1 1 1 1 1
0 0 0 1 0 0 0 1 0 1 0 0 1 0 1 0 1 0 1
0 0 0 1 1 1 1 1 0 1 1 1 1 1 1 0 1 0 1
0 0 0 1 0 0 0 1 0 1 0 0 0 0 1 0 1 0 1
2 1 1 1 1 1 1 1 0 1 1 1 1 1 1 1 1 1 2